FParaleloPeriodoASesion:
List1
(110, 65, 262, 169, 134, 193, 63, 170, 170, 194, 133, -1, 62, 1, 131, 108, 197, -1, 168, 195, 66, 109, 132, -1, 130, 171, 196, 107, 64, 107)

List2
(25988116, 173264733, 173264733, 212058664, 220416602, 300096747, 379639448, 381983378, 518681028, 597878261, 708191196, 754225098, 758516080, 793942185, 984704718, 1080171877, 1163660844, 1181417405, 1280197145, 1368133277, 1374861968, 1555311761, 1555500721, 1597523466, 1707282909, 1819687335, 1835322295, 2046804390, 2055929984, 2022302437)

Bug con los siguientes datos:

List1
(110, 107, 107, 131, -1, 130, 134, 65, 194, 262, 62, 169, 63, 64, 170, 132, 170, 108, 133, 1, -1, 193, 197, 195, 168, 66, 109, -1, 196, 171)

List2
(25988116, 173264733, 173264733, 212058664, 220416602, 300096747, 379639448, 381983378, 518681028, 597878261, 708191196, 754225098, 758516080, 793942185, 984704718, 1080171877, 1163660844, 1181417405, 1280197145, 1368133277, 1374861968, 1555311761, 1555500721, 1597523466, 1707282909, 1819687335, 1835322295, 2046804390, 2055929984, 2022302437)
